param n := 3;
param m := 50;
param nu:= 0.0;

param A:
    1     2     3     :=
1  3.45757991  2.12404839 -3.97997739
2 10.14601527 -1.25571743 -5.6057005 
3  3.08731146  7.92371802 -5.96892311
4  -2.95127583   3.10153847 -10.38284154
5  3.8186299   2.80994073 -4.90550653
6  7.65779075 -3.9662002   8.51969287
7 -6.89420926 12.90925502  6.72927382
8  7.65593416 18.49589701  8.59727949
9  6.07945188  6.05807311 -0.31005148
10 -4.63969108 18.189662    3.64381991
11  0.33245973  0.93018329 -7.5048414 
12  -1.11522219  11.51754496 -11.08295381
13 10.81047731 16.98781989  2.16909312
14  -1.36155401  10.10092942 -10.31483217
15 13.43918344  9.80479056 -3.25481472
16 16.20300012  2.04367844  0.42710075
17  3.57635778 18.80564463  4.5705546 
18 11.58759156  3.03859734  1.25683666
19  3.28282738 19.17699643  8.86820791
20  4.21340808 17.6972381  -4.74606435
21   3.68133166  18.35382707 -13.96924556
22 -10.48879597   1.10923546   1.53360256
23 -8.72735024 21.2644164  -6.2051164 
24 -4.07315584  1.9362122  10.60761086
25  7.57192453  4.57526246 12.78691367
26  4.54601704 17.8599273  -1.87578291
27 10.58217123 18.22287608 11.66870071
28  7.07124633 19.19404795  1.0993841 
29 -8.07827395 17.91652422  3.47357967
30 8.57664655 7.74947711 3.38115874
31  5.80669929 12.31532538  1.05136765
32 -12.04241646  16.13152031  -3.22043613
33 14.08709331 21.00792279  8.98537561
34 11.13966382  3.30560575  9.21426048
35 11.95003637 16.09699461 -1.35385627
36 -6.78616281  2.07295545  1.57087591
37 12.31781606  1.05275556 -0.51363404
38  6.82088658 19.73202706 15.974622  
39  8.94982521 24.04463273 -3.9433813 
40 -6.86906961 14.39863522  2.38615336
41 -3.18126347 14.34819769  9.69012829
42  5.16393065  5.17666829 -3.59071074
43 -0.71723017 15.12314652 15.81383738
44  6.17497705 21.54937819 -1.49551114
45  0.66463415 -1.68011821  7.08686595
46   3.95043307  19.19729102 -11.26923432
47  -1.95605142  15.29917009 -16.01113303
48  6.01262037 12.55792136 -0.93380298
49  9.87226627 12.80830746 -2.88812491
50 -7.89817403  7.20219985 -0.48441941
;

param y :=
1 -1
2 1
3 -1
4 1
5 -1
6 1
7 -1
8 -1
9 -1
10 -1
11 -1
12 1
13 1
14 1
15 1
16 1
17 -1
18 1
19 -1
20 -1
21 1
22 -1
23 1
24 -1
25 1
26 -1
27 1
28 -1
29 -1
30 -1
31 -1
32 1
33 1
34 1
35 1
36 -1
37 1
38 1
39 1
40 -1
41 -1
42 -1
43 1
44 -1
45 -1
46 1
47 1
48 -1
49 1
50 1
;